0.729835 0.784690 0.746871 0.803237 0.787195 0.771545 0.799174 0.755297
0.784690 0.790079 0.791277 0.843339 0.834224 0.817996 0.843293 0.798057
0.746871 0.791277 0.730754 0.811705 0.793800 0.775125 0.795911 0.757231
0.803237 0.843339 0.811705 0.850288 0.853756 0.837663 0.863844 0.819023
0.787195 0.834224 0.793800 0.853756 0.828592 0.817933 0.846117 0.802843
0.771545 0.817996 0.775125 0.837663 0.817933 0.792053 0.828014 0.785925
0.799174 0.843293 0.795911 0.863844 0.846117 0.828014 0.843046 0.808721
0.755297 0.798057 0.757231 0.819023 0.802843 0.785925 0.808721 0.755500
