0.761839 0.781413 0.768577 0.796945 0.823014 0.816916 0.839986 0.779419
0.781413 0.744182 0.773164 0.796467 0.829181 0.823459 0.843567 0.780643
0.768577 0.773164 0.734357 0.790195 0.808968 0.800739 0.817258 0.766254
0.796945 0.796467 0.790195 0.804341 0.845763 0.840055 0.861054 0.798608
0.823014 0.829181 0.808968 0.845763 0.849893 0.857219 0.880731 0.823726
0.816916 0.823459 0.800739 0.840055 0.857219 0.840672 0.873592 0.817828
0.839986 0.843567 0.817258 0.861054 0.880731 0.873592 0.859511 0.835922
0.779419 0.780643 0.766254 0.798608 0.823726 0.817828 0.835922 0.758736
