0.0 155.67915724335097 153.55129436120035 160.49299050114308 153.48941331570722 171.38844768536765 156.03525242713584 163.707055437449 154.26600403199663 164.3684884641822 154.52831455755933 158.60012610335465 164.01829166285083 165.36928372584796 162.4222891108237 151.38031576133008 161.71580009386838 173.02023003105734 160.69536396548594 159.0628806478746 178.8938232583786 203.61728806759018 165.2119850374058 159.928108848945 177.2202020086875 229.4754888871576 180.27756377319946 251.88687937246752 201.68044030098704 183.68179006096386 175.78964702166053 178.16004041310723 222.0135131022434 260.4611295375953 188.82266813070936 195.24599867859007 243.69242909864886 154.7611062250461 166.28890522220658 153.48289807011074 192.60062305195174 153.8570765353352 183.608278680456 162.2189877911954 184.09780009549272 159.4678651014053 156.76415406590883 207.1328076379983 153.43076614551595 154.33081351434652 164.99696966914271 185.51280279269136 160.5584005899411 153.70751445521458 155.27395145355192 169.21879328254295 154.45387661046257 158.6663165262243 201.93315725754402 198.70078006892675 187.24849799130567 179.1507744889762 163.67040050051813 165.1151113617406 191.60375779195982 194.88458122694058 161.58589047314743 170.57842770995398 173.16466152191677 204.2278139725341 209.92617750056803 195.2050204272421 188.18873505074632 158.96540504147436 173.77571752117728 178.75122377203465 172.7946758439044 158.24980252752292 156.60779035539707 224.3991978595289 168.57935816700692 156.81198933755033 232.4499946224994 226.33382425081763 181.13530854032848 158.64110438344787 165.23922052587878 196.78160483134596 159.04716281656835 167.9017569890202 183.40937816807514 161.24825580452026 176.26116985882058 192.20041623263984 181.0745702742381 159.07859692617356 163.4808857328587 159.11002482559041 194.78706322546165 190.10786411929413 183.3303030052588 167.43356891615252 178.0954800100216 166.18062462272792 162.27445886522005 155.8172005909489 176.09656441850308 177.07343109568978 154.48624534242524 185.5047169211608 180.56854654119581 160.262285020525 171.63333009645882 155.95512174981621 192.6992475335594 173.32628190785147 159.65587994182988 153.62616964566942 158.30350596243912 186.2229846179037 159.7936168937921 157.90503475190397 190.28137060679376 176.47379408852748 161.74053295324583 177.5725203965974 154.1103500742244 154.21413683576483 180.37738217415176 153.89281984550158 162.4746134016019 184.96215829190575 176.15901907083838 184.98648599289623 182.37872682963877 157.31814898478814 171.11691909334974 166.4692163734785 155.13864766717543 160.36209028320877 159.51802405997887 186.31425066269085 165.0969412193939 188.22327167489146 166.1715980545412 180.62115047801018 172.0 176.8304272459918 163.31564530074883 166.0 181.98351573700296 162.5945878558078 154.890283749498 179.98888854593218 162.9509128541476 177.9606698121807
155.67915724335097 0.0 71.65193647069142 127.37346662472527 70.34912934784623 151.18200951171406 85.42247947700886 133.4541119636259 90.65318527222306 137.648102057384 79.90619500389191 105.47985589675405 131.08012816594282 142.71299870719557 127.44802862343536 87.08616422830896 111.32834320154055 150.93044755780724 111.50336317797773 132.0113631472685 121.4701609449827 159.84367363145782 94.72592042308166 85.19976525789258 118.26664787673657 197.8560082484229 123.0447073221762 228.3002409109548 159.339260698674 133.55523202031435 116.30993078838969 119.87076374162301 188.23389705363908 238.81373494839028 136.8064325973015 147.0068025636909 218.15132362651389 72.17340230306452 100.05998201079191 68.25686778632608 145.6262339003519 69.92853494818836 131.37731919931994 91.0 135.66134305689297 84.04760555780278 76.00657866263946 173.63179432350518 69.39020103732227 71.442284397967 109.47145746723207 151.95064988344078 92.53647929330357 69.3685807840985 74.6993975879324 109.20164833920778 71.55417527999327 84.57541013793548 163.44723919356974 163.1318485152424 143.7428259079388 127.58134659894448 95.62426470305536 96.30680142129111 149.27826365549674 155.52491761772453 91.37833441248533 112.90261290156221 118.02542099056457 170.18519324547597 165.526432934441 145.6262339003519 134.42841961430625 81.17881497040962 109.99090871522064 119.69962405956002 107.37783756436893 79.34103604062655 75.69676347110224 187.19241437622412 102.75699489572474 76.70723564306043 198.84918908559823 188.0239346466295 125.70600622086441 82.71033792700887 100.48880534666536 156.9044295104507 84.23775875461075 103.00970828033637 129.6649528592827 88.88756943465155 121.78669878110664 150.36289435894747 131.24023773218335 83.19855767980596 92.43376006633075 83.11437902072059 151.92103211866353 146.20191517213445 134.65511501610328 104.33599570617994 124.2095004417939 101.02474944289642 97.05153270299239 78.88599368709251 135.33661736573734 130.7937307366068 72.78736154031138 152.5319638633162 139.86779472058606 91.49863386958299 120.53215338655491 77.70456872024965 161.1427938196431 127.38916751435343 92.53107586103168 71.0 86.46386528486914 149.5292613504126 89.39798655450804 83.58229477586745 159.89058759038946 136.26077939010918 98.01020355044673 134.12680567284082 70.55494312945054 72.27724399837061 141.14531518970085 71.0 95.7496736286866 147.7734752924218 124.8118584109699 141.1523999087511 136.90872872099865 79.34103604062655 111.06304515904469 102.1665307231287 74.06753674856482 89.92218858546538 87.25823743349392 140.09639538546307 100.66280345788111 151.24152868838638 102.51341375644458 137.18600511714013 115.23020437367974 126.93699224418388 93.6269192059634 104.5083728703112 133.99253710561644 94.47221813845591 72.95889253545451 133.46909754696028 94.35570994910695 129.81525334104617
153.55129436120035 71.65193647069142 0.0 121.62236636408618 40.97560249709576 148.73466307488647 66.50563885867122 129.18978287774928 74.55199527846321 134.91108182799513 59.841457201508724 95.09994742374992 126.90941651429968 140.08211877323959 122.24156412611875 71.02112361825881 102.65476121447071 149.45233353815524 101.57263410978372 127.58134659894448 108.80716888146662 151.4067369703211 76.87002016391045 63.694583757176716 105.43718509140881 192.91708063310517 110.95945205344158 224.33680036944452 150.53571004914414 123.38962679253066 102.84940447080868 107.09341716464182 182.0164827701052 234.64015001699943 126.43575443678897 137.0291939697523 213.23226772700232 44.35087372307337 84.8174510345601 37.080992435478315 138.2497739600322 39.87480407475377 122.30290266383705 72.131823767322 126.65701717630967 63.13477647065839 51.507281038703645 168.4102134669985 40.11234224026316 43.657759905886145 96.55050491841045 146.90473103341498 75.92759709091287 40.124805295477756 47.8748368143433 96.0260381354974 43.104524124504614 64.78425734698207 158.47712768724702 157.30225681788548 136.2571099062357 119.8874472161285 78.85429601486528 80.85171612278863 142.07040508142433 149.80654191322887 73.41661937191061 100.29456615390487 106.04715932074748 165.10299815569672 158.43295111813072 135.78291497828437 123.4382436686459 57.86190456595773 95.93747964169165 106.3296760081587 92.05433178292046 55.632724182804495 49.79959839195493 181.62323639887052 86.01744009211156 50.83306010855534 193.20714272510733 182.3869512876401 117.3115510084152 60.88513775955508 84.4748483277715 150.34294130420622 63.340350488452465 88.11923740024082 120.09579509708072 69.70652767137379 110.24518130059019 142.3903086589814 122.53978945632312 62.01612693485461 74.65922581972036 62.0 145.69831845289087 138.37991183694257 125.33156027114639 89.3532316147547 113.07519621915321 85.67379996241559 80.97530487747484 55.74047003748713 126.8857754044952 122.15973149937749 45.65084884205331 145.91778507090902 132.8118970574549 73.85120175054702 110.56219968868203 53.27288240746881 156.14416415607724 118.01694793545543 74.51174404078863 42.2729227756965 66.93280212272605 144.07289821475794 70.54076835419359 63.150613615387776 154.11359446849588 127.8788489156827 81.93900170248598 124.89995996796796 40.74309757492672 44.83302354291979 134.1118935814419 42.790185790669334 80.51086883148137 140.3246236410417 115.32562594670796 133.96268137059664 128.6856635371633 56.02677931132576 97.54486147409304 87.7382470761754 48.29078587059855 71.2320152740325 68.71681017043792 132.64614581660487 86.08716512930368 143.77760604489143 86.18004409374598 128.00781226159597 104.6709128650362 117.31581308587518 77.12327793863537 91.61877536837086 126.0 76.41334961902926 45.19955751995809 124.57929201917949 76.89603370785778 120.21647141718975
160.49299050114308 127.37346662472527 121.62236636408618 0.0 120.61094477699774 158.7072777159258 125.79745625409124 147.37028194313805 128.52237159343116 153.03267624922464 124.3583531573171 134.8851363197591 147.81068973521502 153.6587127370264 144.71696514230803 126.67280686871986 138.81642554107205 163.87190119114382 139.2372076709383 145.24806367039804 153.61966020011891 184.53184007102948 136.6491858739012 129.36382802004584 152.38438240187213 215.65017968923652 156.05127362504928 241.39801159081654 183.05463665255792 161.8981161101018 150.81114017207085 153.7693077307692 206.99758452696977 251.29265807022696 166.8112706024386 173.824624262502 233.0493509967363 122.65806129235861 138.50631754544628 120.73524754602526 171.86331778480246 121.18580774991764 160.5739704933524 133.2103599574748 163.00306745579974 128.76334882255898 124.9839989758689 191.79155351578964 121.17342943071307 122.00819644597652 142.44297104455524 171.21623754772793 132.89469515371937 121.31776456892041 123.92739810066215 143.57228144736015 122.08193969625482 129.19365309487924 185.70137317747546 184.08693598406163 169.2572007330855 157.83218936579445 135.58761005342635 137.04378862246912 174.3961008738441 178.71765441612084 133.04134695650072 146.48890742988016 149.43895074578114 189.76564494133282 189.83940581449363 173.68649918747283 164.98787834262248 127.73409881468612 146.95577566057077 153.2514273995515 144.69968901141425 127.20455966670377 125.05198918849712 206.85985594116613 141.89785058273435 124.97999839974395 217.09675262426197 209.2343184088117 157.7022510936353 127.8632081562167 138.35461683659133 179.63017563872725 128.84874853874211 141.3329402510257 159.51488958714793 132.0416600925632 152.6040628554823 174.27851273177654 159.76858264377262 128.9108218886219 134.6402614376547 128.80993750483694 175.8180878066873 170.5491131609895 161.36914203155447 141.27278577277366 154.95160534825058 139.01079094804115 135.67239955127204 126.05950975630518 158.67577004697347 156.17618256315527 122.40914998479485 171.0438540258024 162.29294500994183 132.7629466379833 150.23315213360866 124.93198149393133 179.2177446571628 154.05843047363555 131.65864954495015 121.56891049935423 129.0891165048394 170.17931719218996 131.7269904006009 127.66362050325849 176.79083686662042 158.7671250605742 135.4400236266961 158.80176321439257 121.71277665060477 122.18837915284743 163.60929068974048 121.66757990524839 135.15916543098362 169.89702763733095 155.52491761772453 165.4932022773141 163.6765102267274 126.5977882903173 145.9349170006959 140.32818676231798 123.87090053761618 132.40845894428347 130.83577492413914 165.77997466521703 138.71193171461493 172.16271373325876 140.14635207525026 161.31335964513292 147.8039241698271 155.48954948806045 135.025923436946 141.1311446846514 162.27137763635335 134.20506696842708 122.96747537458837 159.80613254815975 135.32553343696821 157.87970103848056
153.48941331570722 70.34912934784623 40.97560249709576 120.61094477699774 0.0 148.49579118614776 64.48255578061404 128.81381913443914 72.44998274671983 134.75162336684483 57.41080037762929 94.67312184564318 126.14673994994877 139.40588222883568 121.07848694132248 69.21704992268884 101.77917272212424 148.90601062415178 100.29955134495867 127.4441053952673 108.0555412739208 150.60212481900777 75.69676347110224 61.106464469808756 104.37432634513145 192.37463450257678 109.72237693378685 223.86156436512275 149.63956696007912 122.48265183282079 101.71037311896953 105.92450141492289 181.36978800230207 234.21144293138198 125.70202862324857 136.09555466656508 212.8685040112792 40.8166632639171 83.33666660000267 32.7414110874898 137.97101144805745 36.09709129556009 121.1486689980538 70.11419257183242 125.74975149080812 60.77005841695399 48.43552415324934 168.21712160181556 36.22154055254967 40.58324777540605 95.86970324351692 146.34206503941374 74.4043009509531 36.013886210738214 45.13313638558703 94.77341399358788 39.585350825778974 62.465990746965666 158.082257068907 156.92354826475216 135.65765735851406 119.22248110151038 77.20751258783046 79.78721702127478 141.2692464763651 149.0738072231336 71.68681887209112 99.2874614440313 104.84750831564858 164.38978070427615 157.49920634720672 134.75162336684483 122.53978945632312 55.14526271584895 94.47221813845591 105.06664551607233 90.40464589831653 53.16013544000805 46.850827100489916 180.77057282644208 84.40379138403677 47.78074926160116 192.45778757951052 181.653516343615 116.1679818194325 58.39520528262573 82.72242743053422 149.35862880998874 61.0 86.45229898620394 118.88650049522023 67.42403132415029 108.816359064251 141.43549766589715 121.50308638055249 59.590267661758325 72.82170006255004 59.42221806698232 145.01379244747721 137.41906709041507 124.08464852672147 88.22131261775694 112.16505694733989 83.56434646426669 79.724525711979 53.70288632839021 126.45552577882866 121.44134386608212 42.1070065428546 145.76350709282485 132.40845894428347 71.97916365171243 110.47624178980746 50.70502933634887 155.9615337190552 118.00423721205946 73.24616030891995 38.704004960727254 64.8613906727261 143.34573589751457 68.85491994040804 60.90155991434045 154.50566332662373 127.42841127472319 80.85171612278863 124.3583531573171 36.9729630946723 41.53311931459037 133.96641370134532 39.26830783214372 79.012657213892 140.0142849854971 114.28473213863697 133.79461872586654 127.82409788455384 53.59104402789705 96.55050491841045 86.22644605919926 45.066617356974994 69.4334213473598 66.80568838055633 132.14386100004796 84.33267456923205 143.2375649052999 85.0411665018772 127.6048588416601 104.11051820061218 116.10340218959993 75.22632517942107 90.50414355155237 125.1119498689074 75.48509786706248 42.118879377305376 123.40583454602137 75.76278769950325 119.75391434103521
171.38844768536765 151.18200951171406 148.73466307488647 158.7072777159258 148.49579118614776 0.0 149.77650015940418 162.97852619286996 149.95999466524398 160.93166251549133 150.90725628676708 155.38339679644025 160.9534094078159 162.5084613181726 159.8155186457185 150.58552387264854 158.1771159175688 174.63103962354458 160.96894110355575 157.15915499900095 174.49641830135081 201.83656754909404 160.3901493234544 155.72090418437725 173.55978796944873 226.16586833560893 176.3292375075671 249.52955736745898 200.59162494979694 181.19878586789702 171.83131262956704 173.9856315906575 220.04544985070697 260.95976701399775 185.42383881259713 192.03385118254542 244.15568803531897 150.42938542718306 162.46230331987786 148.98657657654934 186.26593891530464 149.1174034108695 179.45472966740107 157.95885540228505 181.0635247641004 155.00322577288512 151.80579699076054 204.13720875920686 148.74474780643516 149.90663761154806 162.87418457201866 182.88520989954327 157.56585924622124 149.164338901763 151.01655538383864 164.67847461037522 149.81321704042003 154.2433142797444 196.55787951644166 195.61186058110076 184.89456454963732 173.2656919300529 158.60643114325472 159.7717121395399 190.67249408344142 191.84889887617285 157.66420012165096 166.13548687742784 168.21414922651422 201.56140503578555 203.86024624727597 191.29819654142065 182.92348127017482 154.47329866355545 169.57594168985176 175.16849031718004 166.6913315082701 153.4633506737032 151.97368193210298 218.14903162746333 165.71360837299994 152.06577524216289 228.66350823863436 220.0068180761678 174.6539435569664 154.0162329106903 162.24672569885655 193.72403051764127 154.4603508995108 163.77118183612157 177.9297614228716 156.83430747129276 173.73543104387198 191.17269679533214 177.93257149830663 155.20309275268968 159.22311389996113 155.33834040570923 188.69552193944614 186.42692938521517 179.38227337170193 164.18891558202094 173.76996288196645 161.80852882342143 156.5279527752152 152.27934856703322 175.9431726438966 172.41519654601214 149.83324063771698 182.72930799409272 176.64370920018635 156.6397139936102 169.07986278679078 151.30763364747992 190.028945163625 171.4759458349771 156.18578680533003 149.66963619919707 153.850576859497 183.03824736923156 156.32018423735306 152.33515680892575 187.99202110727998 175.59328005365126 158.53706191297982 174.71119025408763 149.59946523968594 149.83324063771698 178.35918815693236 149.18109799837242 157.14961024450554 183.65456705456577 173.3435894401636 178.15723392554116 180.78163623554246 152.620444239951 167.57386431063765 162.4561479292181 151.28780519261954 156.27539793582355 155.53777676178865 180.0527700425628 160.96894110355575 187.9627622695517 163.4717100907677 178.12916661793486 168.40427548016706 175.34822496963008 159.02201105507376 162.77591959500643 178.53291013143766 158.0221503460828 150.6286825275983 176.65220066560167 158.24980252752292 174.25842877749128
156.03525242713584 85.42247947700886 66.50563885867122 125.79745625409124 64.48255578061404 149.77650015940418 0.0 133.48782716038193 87.37848705488096 138.37629854855925 77.13624310270757 101.98529305738157 130.91600360536523 143.06641814206435 125.76963067449948 84.5872330792301 108.47580375364821 151.69377047196105 109.52625256074454 131.46862743635836 118.43985815594343 158.5780564895408 91.18113840043894 80.54812226240907 116.21531740695802 196.4637371119668 120.72696467649637 227.34555196880365 157.13688300332294 131.60547101089682 113.7321414552632 117.44786077234443 186.87696487261346 238.2666573400483 134.91108182799513 144.61673485458036 217.3131381210073 67.06713054842886 96.81425514871248 62.65780079128216 144.24285077604367 64.24173098539609 130.10380470993152 86.92525524840292 133.71985641631537 80.36790404135223 71.55417527999327 172.57751881401006 64.5445582524197 66.55073252789934 107.0 151.5255753990065 90.50966799187809 64.45928947793328 69.59166616772443 107.1820880557941 66.24952830020754 81.40024569987489 163.05827179263247 161.9845671661347 142.59382875847047 127.32635233917604 93.07523838271918 93.85094565320053 148.29362764461592 155.56027770610336 88.30062287436029 110.79711187571633 114.66908912169835 170.0058822511739 164.14627622946554 143.60362112425994 132.61975720080324 77.09085548883213 107.60576192751019 117.23054209547954 103.99519219656263 75.31268153505093 70.70360669725413 185.48854412065452 99.498743710662 71.65891430938652 197.35247654894022 186.80471086136987 125.54282137979854 78.60025445251433 98.01530492734285 156.6780137734711 80.44252606675154 100.68763578513501 128.56904759700134 85.07643622061282 120.2705283932851 148.84219831754703 130.3878828726044 79.3536388579629 89.58236433584459 79.55501241279521 151.88482478509826 145.54724318928203 133.7497663549361 102.26925246622271 122.94307625889309 98.71676655968832 94.29740187301027 74.65922581972036 134.14544345597432 129.68423188653276 67.86015030929418 151.6673992656299 139.18333233544885 88.7862601982987 119.71215477135144 72.44998274671983 161.00931650062986 127.24386036269098 88.79752248796134 65.69627082262737 82.72242743053422 150.06665185843255 85.59789717043287 80.06872048434394 160.06873523583548 134.58826100369973 95.07365565707464 132.99248099046804 65.18435395092905 67.35725647619564 140.78707327024026 66.0 93.83496150156401 147.49237268414933 123.6567830731497 140.21768789992225 136.42213896578517 75.43208866258443 108.16653826391968 99.8548947222919 69.74955196988724 86.78133439859057 84.46892919884802 139.06832852953974 98.03060746521976 150.648597736587 99.23708984044222 135.37725067381152 114.4858069806035 125.69009507514902 91.10982383914481 103.58088626768937 133.30041260251224 91.44397191723465 67.70524351924303 132.3291351139272 91.35644476444998 129.1239714383042
163.707055437449 133.4541119636259 129.18978287774928 147.37028194313805 128.81381913443914 162.97852619286996 133.48782716038193 0.0 134.484199815443 153.37209654953537 131.67763667381033 139.37001112147476 150.41941364066008 158.1613100603305 147.6042004822356 134.43957750603056 142.44999122499095 161.05899540230592 142.10911300827965 149.19450392021818 159.23253436405514 187.8190618654028 142.85307137055193 137.0729732660673 158.1613100603305 216.6817943436873 162.0 243.5384979833784 186.34645153584225 165.4055621797526 156.45446621940837 158.54021571828392 210.4423911667989 252.9743069957896 171.56922801015338 178.45167413056117 233.7520053389917 130.47221926525202 145.55411364849843 128.65846260545786 175.39954389906492 129.42179105544784 163.835283135227 139.63881981741324 166.89517668285083 136.27178724886528 132.38202294873727 194.42736432920137 128.70508925446578 130.02307487519283 146.4308710620817 174.12351937633238 138.52436608770313 129.15881696578055 131.26309458488322 150.08997301618786 130.20752666416791 136.2901317043901 187.2671887971836 184.91078930121952 172.4006960542793 162.0524606416083 141.2515486640766 142.36221408786813 174.73408368146153 180.54916227997293 138.68669727122352 152.07563907477095 153.21879780235844 189.7340243604188 193.53810994220234 177.28226081590904 169.70857373745147 135.3883303686104 152.72851731094622 157.98101151720735 150.79787796915446 134.6142637315972 132.52924205623452 209.70693836876262 147.45507790510302 132.74788133902553 218.0022935659164 211.54432159715373 163.28502687019406 135.5101472215273 144.74805698177784 183.38211472223784 136.2497706420088 146.972786596703 163.19007322750977 138.8632420765121 158.25928092848142 176.36609651517495 163.95121225535357 135.8602222874672 140.98936130077334 136.3451502621197 180.44389709823938 174.9371315644566 166.48123017325406 146.6628787389638 161.1148658566304 144.71351008112546 142.50964879614293 133.11273417671202 161.38153549895353 161.58279611394278 130.46072205840346 175.681530047982 166.82026255823962 139.54927445171472 154.86768546084753 132.24976370489287 179.6635744941083 159.42396306703708 138.85243966167826 129.5569372901351 136.24243098242192 173.824624262502 136.90872872099865 134.77388471065157 181.34773227145686 162.74212730574712 141.3223266154361 163.37686494727458 129.7304898626379 129.76131935210893 167.30212192318422 129.71121771072848 141.2515486640766 173.2887763243771 157.87970103848056 170.54618142896075 166.01807130550577 133.94401815684043 149.81655449248592 146.0958589419974 131.1945120803458 139.21925154230647 137.45544732748863 170.9122581911549 144.57869829265996 176.85587352417787 145.74292435655323 165.79505420850165 153.3623161014465 158.42663917409848 141.06027080648894 146.26004239025778 163.90240998838303 141.26216761751888 130.49521064008442 163.98170629676957 141.5167834569455 162.92943257741985
154.26600403199663 90.65318527222306 74.55199527846321 128.52237159343116 72.44998274671983 149.95999466524398 87.37848705488096 134.484199815443 0.0 139.07911417606886 82.915619758885 106.97663296253066 132.34802605252563 143.03496076134672 128.52626190782956 89.57678270623477 112.60550608207397 153.4079528577316 112.92918134831227 132.5707358356285 123.46254492760143 161.27616066858735 96.60745312862771 87.27542609463445 120.47821379818012 198.94471593887585 124.51505933018704 228.7596992479226 159.72789361911714 134.9333168642941 118.101651131557 121.79901477434043 188.886209131318 239.08575867248973 138.55684753919599 148.02364675956338 218.56349191939628 74.79973261984297 102.68398122394748 71.21095421351971 147.64484413619056 72.52585745787498 133.9701459281134 92.6444817568753 137.10579856446626 86.7294644281861 79.12648102879339 175.43659823423388 72.35329985563892 74.73954776421918 111.39120252515457 153.8083222715858 95.17877914745492 72.8285658241325 77.30459236035075 111.78103595869918 74.29670248402684 87.82368700982668 165.77997466521703 164.42019340701432 146.23952953972466 130.9465539829132 97.97958971132712 99.28242543370907 151.84202316881846 157.91770008456936 93.68030742904295 115.89219128138012 119.18053532351665 172.20627166279397 167.46641454333462 147.305804366291 136.11392287345186 83.35466393669883 112.63214461245067 121.50720143267229 108.74741376235114 82.10359310042405 78.37091297158659 188.68227261722285 104.52272480183436 78.86697661252141 199.48684167132427 189.53891421024866 129.38315191708693 84.70537173048709 102.25458424931374 158.75452749449383 86.59099260315706 105.60776486603625 131.59407281484982 91.49316914393118 123.42609124492276 151.29111011556495 133.9776100697426 86.20904824900923 95.15250916292223 86.05811989580066 154.03246411065427 147.5161008161482 136.19104228986575 106.5269918846862 126.03967629282455 101.81355508968342 98.87871358386495 81.35723692456621 136.22775047691275 132.1325092473461 75.28612089887484 153.4861557274792 141.58742882049947 93.59487165438073 123.49898785010345 79.76214641043707 162.35455029040608 129.23621783385647 93.89355675444402 73.4234295031225 88.83692925805124 151.57506391224118 91.91300234460846 85.70880934886448 160.93166251549133 136.65650368716447 100.00999950005 134.85547819795826 73.23933369440222 75.3657747256671 142.96852800529214 74.20916385460761 98.37682653958706 148.94629904767692 127.08265027138835 143.97221954252146 138.85243966167826 82.32253640407346 113.00884921102418 105.50829351287983 77.1621668954417 92.53107586103168 90.31057523900509 142.18649724921138 103.1746092796091 152.52540771950095 105.09519494249011 137.77517918696387 118.6086000254619 129.32517156377563 96.48834126463156 107.9814798935447 136.4404632064843 96.65919511355348 75.75618786607468 135.2553141285029 97.33961166965892 131.56747318391427
164.3684884641822 137.648102057384 134.91108182799513 153.03267624922464 134.75162336684483 160.93166251549133 138.37629854855925 153.37209654953537 139.07911417606886 0.0 137.6880532217665 144.00347218036097 154.463587942272 156.39693091617877 153.13392831113555 139.04315876734103 148.52272553383875 166.79628293220446 147.9864858694874 150.89068891088013 163.67040050051813 192.49155825645965 148.04053498957643 142.34465216508838 162.51769134466562 220.65357463680482 165.99698792448012 245.46690204587665 191.02879364116814 171.01461925812075 160.79490041664877 163.08893279434997 212.76512872179032 255.29394822439485 175.99715906798042 182.32937229091752 237.34995260163842 136.16901262769 150.40944119303148 134.62540622037136 178.92456511055155 135.1776608763445 169.51991033504 145.60219778561037 170.81861725233583 141.9260370756543 138.15209010362457 198.0530232033836 134.47676379211393 135.92277219068185 151.2646687101783 176.32356620712955 143.59665734271115 134.7850140037831 137.27709204379295 153.98051824825114 135.5839223506976 140.9751751195933 190.07366992826755 188.0239346466295 175.72990639046048 165.3602128687551 146.34548165215077 148.03377992877165 179.85271752186566 184.50203250912983 143.8297604809241 155.50562690783894 157.58489775356014 195.36632258401139 197.57530210023722 182.3513092906108 174.1952927033334 141.08508071373103 158.4897473024675 163.86274744431694 155.2642908076419 140.17845768876185 138.0688234178882 213.9906540015241 153.35579545618745 138.80561948278606 223.06052990163903 215.5365398256175 166.3099515964093 140.22125373851142 149.72975656161336 186.284728305892 141.4390328021229 151.6047492659778 169.01479225203929 144.22898460434365 162.46538092775333 181.69755089158465 169.2069738515526 141.29048092493704 146.76852523616907 141.58742882049947 183.28938867266703 178.54411219639812 170.74249617479535 151.52887513606112 163.5328713133846 149.57606760441325 147.15298162116866 138.59292911256333 165.42369842317032 164.4870815596167 136.04778572251738 176.43979143039135 168.6238417306402 144.3294841673038 159.21997362140215 137.85862323409444 184.21726303471127 162.0524606416083 143.52351723672325 135.15176654413364 141.89785058273435 176.9011023142592 142.27789708876077 139.41664176130482 182.1647605877712 166.11441839888553 145.7840869230932 165.36323654307205 135.56179402766844 135.73135231036343 169.96176040509818 135.35139452550905 145.3994497926316 175.59612751994277 163.23296235748464 171.07016104511038 170.53738593047566 139.37001112147476 156.3457706495446 151.0529708413575 136.8612436009552 143.06991297963384 142.24978031617482 173.23394586512194 149.03019828209315 178.30030846860586 151.20185184051152 168.47848527334284 157.22913216067818 164.3228529450484 146.55715608594485 151.17208737065187 169.76748805351394 146.17797371697284 136.48443134658254 167.59773268156107 146.74467622370497 165.36928372584796
154.52831455755933 79.90619500389191 59.841457201508724 124.3583531573171 57.41080037762929 150.90725628676708 77.13624310270757 131.67763667381033 82.915619758885 137.6880532217665 0.0 100.93066927351666 129.0310040261642 141.95774019052288 125.06798151405499 79.41662294507366 108.02314566795395 149.54263606075693 106.7707825203131 130.728726758888 115.81882403132921 155.61169621850408 86.79861750051091 74.80641683706017 112.68540278137182 195.65275362232958 117.6392791545409 226.71568097509268 155.3190265228314 129.25169244539896 109.84079387914127 114.09645042682091 185.3132483121485 236.93247983339052 132.52546925025393 142.21111067704942 216.09488656606385 59.89991652748775 93.1289428695505 55.02726596879042 143.1153381018261 57.21013896155121 127.27529218194708 82.60750571225353 131.05342422081156 74.73285756613352 65.23802572120036 171.75272923595713 57.21887800367987 59.89156868875618 103.82196299434914 150.51910177781423 85.28774824088158 57.01754116059373 62.984124983998946 103.440804327886 59.28743543112655 76.02631123499285 162.27137763635335 161.01863246220915 140.75865870347016 125.29165973838802 88.02840450672726 90.1665126307988 146.30447703334303 153.42424840943494 82.93973715897586 107.10742271196708 112.39661916623649 168.27952935517737 162.64685671724493 140.76221083799445 129.55307792561317 70.87312607751969 103.31021246711285 113.19452283569201 100.11493395093461 68.67313885355759 64.05466415492317 184.99729727755485 94.78396488858229 65.19969325081216 196.178490156286 185.85478202080247 122.93494214420895 72.8285658241325 92.74157643689264 154.03246411065427 74.57211275000863 96.34313675607619 125.5866234915168 80.19975062305369 116.33142309797469 146.11639196202458 127.83974342902914 73.1778655059028 83.94641147779933 73.35529974037323 149.6094916775002 142.53420642077467 129.84221193433206 97.73944955850733 119.32728103832753 93.61089680160104 89.53211714239757 68.76045375068433 130.6713434537198 125.86500705120545 60.45659600076736 148.7783586413024 136.47710430691296 82.77076778670111 116.30563184988077 66.86553671361654 158.30350596243912 123.09752231462663 83.50449089719666 58.532042506647585 77.09085548883213 146.75830470538966 80.15609770940699 74.35724578008521 157.23231220076872 132.04544672195252 90.34932207825358 128.87590930814028 58.008620049092706 60.37383539249432 137.3135098961497 58.58327406350724 88.68483523128404 144.665130560201 120.90905673273612 138.88484438555562 133.56271934937533 69.0941386804988 104.49880382090505 95.88013350011565 62.93647591023825 81.33265027035576 78.78451624526231 137.46272221951665 93.94679345246436 147.74640435557137 94.89994731294638 133.01503674397117 111.0 122.36829654775782 86.13361713059541 99.18165152889924 130.6866481320873 86.53323061113575 60.63002556489647 129.23234889144436 86.7294644281861 125.60652849274993
158.60012610335465 105.47985589675405 95.09994742374992 134.8851363197591 94.67312184564318 155.38339679644025 101.98529305738157 139.37001112147476 106.97663296253066 144.00347218036097 100.93066927351666 0.0 136.14697940094007 148.38126566382968 134.19761547807025 105.71660229122008 121.94260945215171 154.6997091141415 122.88612614937456 138.13399291991817 135.43633190543812 170.04117148502596 113.46805717910217 105.84422516131903 133.93655214316965 204.78525337533463 137.77517918696387 234.58687090287043 169.71446608937023 146.02397063496116 131.24023773218335 134.89625643434292 196.40773915505468 244.532206467778 149.6996993984958 158.72932936291264 224.15619554230483 96.21330469326995 117.51595636338071 93.62157870918435 156.43848631331102 94.55157322858251 143.70107863199914 110.049988641526 147.38385257551113 104.93807697875924 99.36297097007517 180.58239116813135 94.42986815621421 95.71833680126291 123.36125809993995 160.2404443328837 110.60289327137876 94.59386872308374 97.98979538707079 125.01599897613104 95.7601169589929 105.87256490706173 172.57751881401006 170.85081211396098 154.6156525064652 141.32586458253138 114.0175425099138 115.17378173872733 159.59323293924464 164.61470165206995 110.26332119068425 128.37834708392222 131.85598204101322 177.22584461641028 176.18456232031227 157.17824276915684 147.10880327159214 102.82995672468213 126.15070352558483 134.2013412749664 124.30607386608267 101.80864403379509 98.84331034521254 195.18452807535743 120.1623901227002 99.42836617384397 205.78386720051697 196.7917681205187 140.88293012285058 104.12012293500234 118.02542099056457 167.19748801940776 105.4229576515476 120.36195412172403 142.4605208470052 108.03240254664338 135.5949851580065 159.68406307455982 144.1665703275208 104.4030650891055 112.30316113093166 104.93807697875924 163.7864463256957 156.9681496355232 146.99659860010368 120.42425004956435 138.181040667669 118.90332207301863 115.05216208311776 101.10885223361998 145.12063946937388 141.8837552364611 96.54014708917737 160.61755819336813 149.82990355733398 110.61645447219867 133.67871932360814 99.69954864491613 167.83027140536953 139.93569951945787 110.09995458672996 94.87360012142472 106.39548862616309 158.5780564895408 107.58252646224665 104.10571550111935 168.13387523042465 145.59876373101525 114.57748469922004 145.19641868861643 95.08943158942533 96.0728889958036 150.8973160795115 95.50392662084633 113.64858116140297 157.31814898478814 137.6880532217665 152.66302761310612 148.4048516727132 101.33607452432722 125.32757078951144 119.59933110180843 97.3344748791506 109.89995450408522 107.39646176667088 152.12166183683374 117.35842534730942 160.66735822811054 119.05880899790658 148.04728974216312 130.13838787997952 140.06784070585223 112.8716084761797 121.04544601099208 145.657131648265 112.76967677527502 96.58674857349739 145.69145479402695 112.80514172678478 143.05942821079637
164.01829166285083 131.08012816594282 126.90941651429968 147.81068973521502 126.14673994994877 160.9534094078159 130.91600360536523 150.41941364066008 132.34802605252563 154.463587942272 129.0310040261642 136.14697940094007 0.0 155.4123547212383 144.703144402601 131.4229812475733 139.15459029439165 158.15182578775372 141.98943622678414 148.17894587288708 157.64199947983406 186.83147486438145 140.85098508707705 134.84435472054437 156.46405337968207 216.00694433281538 159.48040632002414 242.93003107890962 185.776747737708 164.0579166026437 153.99350635659934 157.10824294097367 208.44663585675832 253.12447530809817 169.7115199389835 177.35557504628943 234.32882878553377 128.04296154025803 143.27595750857853 126.13088440187835 173.12134472675518 126.68070097690493 162.49307677559682 137.75703248836336 165.01515081955353 134.0 129.5414991421668 193.01295293321638 126.2339098657726 127.54607010802019 145.14131045295133 172.2585266394671 137.63357148602952 126.7280552995271 129.29810516786392 148.30711378757258 127.22421153223941 134.0186554178186 185.0756602041446 184.14125013152267 170.56963387426262 159.95311813153253 140.0856880626997 139.73188612482122 174.12639087743133 178.4936973677222 137.4699967265585 148.63041411501214 152.76779765382494 188.8464985113571 191.4236140083036 175.79817974029197 168.08033793397726 132.78554138158265 150.6718288201215 156.48642113614844 148.35093528522157 132.17034463146413 129.52219886953742 207.68485741623053 145.9760254288354 130.08458786497346 216.97234846864703 209.7117068739845 160.61133210331082 132.9699214108213 142.63940549511554 181.8158408940211 134.19388957773003 145.29624909129623 161.79925834193432 136.0183811107896 156.41611170208776 175.0114281982751 163.90851106638726 133.47658970770868 138.67227552759059 133.53651186098878 178.5721142843977 172.8554309242264 165.34811761855653 144.98965480336864 159.59949874608003 143.3666627915988 140.63072210580447 130.87016466712342 160.77313208369114 159.68406307455982 127.64795337176386 174.28711943227475 165.36928372584796 137.36811857195977 153.06207890917986 129.5839496234005 178.17126592130393 157.65151442342696 137.17142559585798 126.8897158953396 133.5440002396214 172.06684747504383 135.639227364358 132.39335330748293 179.68583694882577 162.96318602678338 138.91724155050014 161.24515496597098 127.26350615946427 127.23207142855138 166.07227342335023 126.85030547854427 139.52060779684126 171.38553031105047 157.91770008456936 168.45177351396453 165.26342608090877 130.72490198887127 147.54321400864222 143.77065069060515 128.65457628860312 136.61625086350452 134.54367320688104 167.42460989950072 142.56577429383253 176.28386199536246 144.0243035046516 165.11208314354224 150.91056954368702 158.85528005074303 138.52797551397336 144.71351008112546 162.85576440519384 138.96402412135308 127.95702403541588 163.03987242389513 138.53158484620033 161.1148658566304
