133.103921 170.847379 130.317811 134.275461 140.289777 149.434849 138.328737 132.147739
170.847379 169.459098 158.530746 165.898112 170.934931 179.405070 169.787302 166.045743
130.317811 158.530746 113.821837 123.471109 129.273545 138.244996 128.010271 122.601597
134.275461 165.898112 123.471109 123.649702 130.355203 142.598054 131.263566 126.651044
140.289777 170.934931 129.273545 130.355203 133.709635 147.505316 137.121291 133.217859
149.434849 179.405070 138.244996 142.598054 147.505316 135.435675 140.744748 141.476186
138.328737 169.787302 128.010271 131.263566 137.121291 140.744748 125.655637 129.554943
132.147739 166.045743 122.601597 126.651044 133.217859 141.476186 129.554943 119.944808
