132.499182 170.386274 130.966994 132.384794 139.201924 148.459364 137.157640 132.690358
170.386274 168.065359 158.239790 163.572711 169.851365 179.741508 169.010001 165.745466
130.966994 158.239790 114.866528 122.981139 129.050483 139.007591 128.460151 125.570520
132.384794 163.572711 122.981139 121.917691 130.061682 140.881839 129.927041 126.626745
139.201924 169.851365 129.050483 130.061682 133.957518 147.060379 136.263970 133.327763
148.459364 179.741508 139.007591 140.881839 147.060379 135.484639 139.785287 141.131849
137.157640 169.010001 128.460151 129.927041 136.263970 139.785287 123.915774 129.220306
132.690358 165.745466 125.570520 126.626745 133.327763 141.131849 129.220306 121.463158
